3674
0 0 2 3
0 4 5 5
0 6 5 7
0 8 1 13
0 14 11 14
0 15 2 18
0 20 2 23
0 24 0 35
0 36 3 38
0 40 3 42
0 43 2 46
0 50 2 53
0 54 11 54
0 55 0 66
0 67 0 78
0 79 2 82
0 83 11 83
0 84 0 95
0 96 0 107
0 108 2 111
0 112 1 117
1 26 12 26
1 27 4 29
1 30 6 31
1 32 3 35
1 39 12 39
1 47 12 47
1 48 6 49
1 55 4 57
1 58 4 60
1 62 1 73
1 75 4 77
1 84 12 84
1 85 3 88
1 89 12 89
1 93 3 96
1 98 3 101
1 102 3 105
1 106 6 107
1 118 4 120
1 122 12 122
2 8 3 13
2 19 13 19
2 61 2 72
2 73 7 74
2 92 13 92
2 112 7 113
2 116 7 117
3 0 5 3
3 15 6 17
3 18 14 18
3 20 5 23
3 43 6 45
3 51 6 53
3 61 5 64
3 65 4 70
3 71 8 72
3 78 6 80
3 90 8 91
3 97 14 97
3 108 14 108
3 109 8 110
3 111 14 111
3 114 14 114
3 121 14 121
4 8 9 9
4 10 6 13
4 24 9 25
4 35 9 36
4 40 15 40
4 85 7 87
4 93 9 94
4 96 15 96
4 98 7 100
4 101 9 102
4 103 15 103
4 123 15 123
5 32 8 34
5 37 10 38
5 58 16 58
5 59 10 60
5 65 6 70
5 75 16 75
5 81 16 81
5 88 16 88
5 104 10 105
5 115 16 115
6 1 17 1
6 6 17 6
6 7 17 7
6 20 8 23
6 28 17 28
6 61 9 63
6 95 17 95
6 118 9 120
7 2 9 5
7 11 10 13
7 15 12 16
7 17 18 17
7 30 12 31
7 41 8 46
7 48 12 49
7 50 10 52
7 55 10 57
7 64 10 66
7 70 18 70
7 82 18 82
7 106 18 106
8 67 19 67
8 73 13 74
8 77 13 78
8 86 13 87
8 98 13 99
8 113 19 113
8 117 19 117
9 20 11 23
9 32 12 34
9 41 20 41
9 42 11 45
9 46 20 46
9 79 14 80
9 109 14 110
9 124 14 125
10 3 13 5
10 9 21 9
10 29 21 29
10 71 21 71
10 85 21 85
10 93 21 93
10 100 21 100
10 101 15 102
10 118 21 118
11 0 22 0
11 2 22 2
11 8 22 8
11 10 14 12
11 13 22 13
11 35 13 38
11 51 14 53
11 55 16 56
11 59 12 64
11 65 16 66
11 68 22 68
11 72 22 72
11 104 16 105
11 119 16 120
12 20 13 25
12 42 23 42
12 50 23 50
12 69 23 69
13 30 18 31
13 43 16 45
13 59 15 62
13 63 24 63
13 64 24 64
13 84 24 84
13 90 24 90
13 112 24 112
14 14 25 14
14 16 25 16
14 19 16 22
14 25 19 26
14 35 16 38
14 47 25 47
14 49 25 49
14 76 17 78
14 83 25 83
14 86 25 86
14 89 25 89
14 91 25 91
14 92 25 92
15 18 26 18
15 51 18 53
15 79 26 79
15 80 26 80
15 97 26 97
15 98 26 98
15 110 20 111
15 116 26 116
16 4 21 5
16 10 27 10
16 12 27 12
16 32 27 32
16 33 21 34
16 57 27 57
16 61 21 62
16 73 21 74
16 99 27 99
16 101 21 102
16 103 27 103
16 107 19 109
16 121 18 124
17 15 28 15
17 19 20 21
17 22 22 23
17 27 28 27
17 35 18 40
17 43 20 45
17 54 20 56
17 120 28 120
18 6 29 6
18 7 29 7
18 28 29 28
18 59 29 59
18 75 20 78
18 104 23 105
19 1 30 1
19 3 30 3
19 30 24 31
19 35 30 35
19 36 22 38
19 40 30 40
19 51 30 51
19 52 24 53
19 81 30 81
19 95 24 96
19 106 30 106
19 119 30 119
19 121 30 121
19 125 30 125
20 24 23 26
20 67 31 67
20 70 31 70
20 108 31 108
20 113 25 114
20 117 31 117
21 19 32 19
21 39 32 39
21 43 23 46
21 54 24 56
21 76 24 78
21 87 26 88
21 110 26 111
21 122 24 124
22 4 27 5
22 9 33 9
22 20 27 21
22 33 27 34
22 48 33 48
22 61 33 61
22 71 33 71
22 73 27 74
23 0 34 0
23 8 34 8
23 17 34 17
23 22 28 23
23 36 26 38
23 72 34 72
23 94 34 94
24 13 35 13
24 24 27 26
24 41 29 42
24 45 29 46
24 50 35 50
24 60 35 60
24 68 35 68
24 69 35 69
24 75 35 75
25 54 28 56
25 62 28 64
25 96 36 96
25 104 36 104
25 115 36 115
25 118 36 118
25 123 30 124
26 2 37 2
26 53 37 53
26 58 37 58
26 65 37 65
26 66 37 66
26 82 28 85
26 89 29 91
26 92 31 93
26 112 29 114
26 122 37 122
27 14 38 14
27 36 30 38
27 47 38 47
27 52 38 52
27 76 30 78
27 79 38 79
27 98 38 98
27 109 30 111
28 10 39 10
28 20 33 21
28 24 39 24
28 29 39 29
28 31 30 34
28 73 33 74
28 88 39 88
28 99 33 100
28 101 31 103
29 4 34 5
29 16 40 16
29 22 40 22
29 25 32 27
29 56 40 56
29 63 34 64
29 82 32 84
29 86 34 87
29 95 40 95
30 28 41 28
30 30 41 30
30 41 31 46
30 49 41 49
30 57 41 57
30 62 41 62
30 89 41 89
30 90 35 91
30 112 35 113
30 116 41 116
31 6 42 6
31 31 33 34
31 35 36 36
31 51 42 51
31 54 36 55
31 76 34 78
31 105 42 105
31 106 42 106
31 109 42 109
31 110 36 111
31 119 42 119
31 123 34 125
32 11 43 11
32 23 43 23
32 40 37 41
32 42 35 44
32 81 43 81
32 92 37 93
32 107 37 108
33 37 38 38
33 39 44 39
33 82 38 83
33 101 36 103
33 117 44 117
34 20 39 21
34 25 37 27
34 31 45 31
34 70 45 70
34 71 45 71
34 73 45 73
34 74 45 74
34 99 45 99
34 120 39 121
35 0 40 1
35 3 38 5
35 9 46 9
35 18 40 19
35 32 38 34
35 48 46 48
35 61 46 61
35 84 46 84
35 87 46 87
35 97 46 97
35 123 38 125
36 7 41 8
36 43 39 45
36 46 47 46
36 50 47 50
36 63 41 64
36 69 47 69
36 72 47 72
36 75 39 77
36 85 47 85
36 90 47 90
36 91 47 91
36 113 41 114
37 35 48 35
37 59 42 60
37 67 42 68
37 78 48 78
37 100 40 102
37 111 48 111
37 112 48 112
38 25 43 26
38 40 41 42
38 92 49 92
38 93 49 93
38 104 49 104
38 107 49 107
38 122 49 122
39 12 42 14
39 34 50 34
39 36 42 38
39 47 50 47
39 53 50 53
39 58 50 58
39 82 44 83
39 96 50 96
39 123 42 125
40 2 42 5
40 10 51 10
40 65 51 65
40 121 51 121
41 0 46 1
41 16 52 16
41 17 52 17
41 18 46 19
41 20 46 21
41 27 52 27
41 32 52 32
41 52 52 52
41 55 46 56
41 66 52 66
41 75 44 77
41 79 46 80
41 94 46 95
41 101 46 102
42 7 47 8
42 28 53 28
42 33 53 33
42 40 43 45
42 49 53 49
42 103 53 103
42 108 53 108
42 113 45 115
43 12 45 15
43 30 54 30
43 36 46 38
43 59 48 60
43 62 54 62
43 67 48 68
43 88 48 89
43 100 54 100
43 109 48 110
43 118 54 118
43 123 54 123
44 22 55 22
44 24 55 24
44 40 49 41
44 42 46 45
44 57 55 57
44 105 49 106
44 119 49 120
45 2 56 2
45 3 50 4
45 5 50 6
45 25 56 25
45 54 56 54
45 63 50 64
45 75 48 77
45 81 48 83
45 116 50 117
46 11 48 14
46 23 57 23
46 31 57 31
46 113 51 114
47 18 52 19
47 20 58 20
47 37 50 39
47 42 49 45
47 55 52 56
47 61 58 61
47 86 58 86
47 94 52 95
47 101 58 101
48 0 59 0
48 1 59 1
48 7 51 9
48 21 59 21
48 69 51 71
48 90 59 90
48 97 53 98
49 11 52 13
49 15 60 15
49 26 60 26
49 35 60 35
49 48 60 48
49 59 60 59
49 68 60 68
49 72 49 83
49 84 54 85
49 87 54 88
49 110 54 111
50 36 61 36
50 40 52 43
50 44 61 44
50 72 53 74
50 76 61 76
50 77 61 77
50 79 61 79
50 80 53 82
50 102 61 102
50 106 61 106
50 119 55 120
51 4 62 4
51 37 54 39
51 45 56 46
51 47 62 47
51 89 62 89
51 96 62 96
51 107 62 107
51 115 54 117
51 124 62 124
52 5 55 7
52 9 57 10
52 50 57 51
52 65 63 65
52 112 55 114
52 122 63 122
53 3 64 3
53 13 64 13
53 16 56 18
53 27 64 27
53 40 56 42
53 53 64 53
53 66 64 66
53 69 58 70
53 78 64 78
53 91 58 92
54 33 65 33
54 49 65 49
54 55 59 56
54 71 57 73
54 80 65 80
54 81 65 81
54 82 65 82
54 83 65 83
54 93 59 94
54 98 65 98
55 11 66 11
55 28 60 29
55 30 66 30
55 37 58 39
55 88 66 88
55 103 66 103
55 109 58 111
55 115 60 116
55 117 60 118
56 43 67 43
56 57 67 57
56 58 67 58
56 85 67 85
56 97 67 97
56 100 67 100
56 108 67 108
56 119 59 121
56 123 67 123
57 5 68 5
57 16 62 17
57 18 62 19
57 24 68 24
57 40 62 41
57 42 68 42
57 54 68 54
57 63 68 63
57 64 68 64
57 114 68 114
58 8 63 9
58 22 63 23
58 31 63 32
58 45 63 46
58 50 63 51
58 62 69 62
58 71 60 74
59 25 70 25
59 34 70 34
59 39 70 39
59 60 70 60
59 84 70 84
59 91 64 92
59 109 61 112
60 0 65 1
60 6 65 7
60 52 71 52
60 55 65 56
60 61 71 61
60 94 65 95
60 125 71 125
61 20 66 21
61 28 66 29
61 35 72 35
61 37 66 38
61 59 72 59
61 68 72 68
61 69 63 72
61 90 72 90
61 93 72 93
61 99 72 99
61 104 72 104
61 116 64 118
61 120 66 121
62 2 73 2
62 14 67 15
62 36 73 36
62 67 73 67
62 75 65 77
62 109 73 109
62 110 73 110
62 111 65 113
63 10 74 10
63 16 66 18
63 19 74 19
63 40 74 40
63 47 74 47
63 73 68 74
63 86 68 87
63 119 74 119
64 4 75 4
64 32 75 32
64 41 75 41
64 44 67 46
64 51 75 51
64 65 75 65
64 69 69 70
64 71 69 72
64 105 75 105
65 3 76 3
65 22 70 23
65 91 76 91
65 96 76 96
65 115 68 117
66 1 77 1
66 6 77 6
66 13 77 13
66 33 77 33
66 49 77 49
66 53 77 53
66 75 67 80
66 81 77 81
66 82 71 83
66 98 77 98
66 111 71 112
67 17 72 18
67 20 72 21
67 29 72 30
67 37 78 37
67 38 78 38
67 55 72 56
67 88 78 88
67 103 78 103
67 113 78 113
67 120 78 120
67 121 78 121
68 0 79 0
68 14 73 15
68 26 73 27
68 43 70 46
68 75 69 80
68 92 79 92
68 94 79 94
68 100 79 100
68 102 79 102
68 106 71 108
69 7 80 7
69 24 80 24
69 50 80 50
69 58 80 58
69 87 80 87
69 114 72 116
69 122 80 122
70 12 81 12
70 72 73 74
70 75 72 78
70 117 75 118
71 23 82 23
71 25 82 25
71 28 82 28
71 31 82 31
71 42 74 44
71 45 82 45
71 46 82 46
71 60 82 60
71 62 74 64
71 79 76 80
71 97 82 97
71 124 82 124
72 39 83 39
72 61 83 61
72 83 77 84
72 86 83 86
72 106 75 108
72 111 83 111
73 20 78 21
73 48 84 48
73 54 78 55
73 68 76 70
73 77 78 78
73 85 84 85
73 99 84 99
73 114 76 116
74 14 85 14
74 15 85 15
74 26 85 26
74 27 85 27
74 52 85 52
74 56 85 56
74 71 77 73
74 90 85 90
74 95 85 95
74 101 85 101
75 8 77 11
75 16 78 18
75 22 86 22
75 35 86 35
75 47 86 47
75 74 78 76
75 110 86 110
75 119 86 119
76 2 87 2
76 4 87 4
76 5 87 5
76 29 87 29
76 40 79 42
76 44 87 44
76 62 79 64
76 104 77 109
76 117 81 118
77 3 88 3
77 19 88 19
77 66 88 66
77 67 82 68
77 80 88 80
77 82 88 82
77 114 80 116
78 8 81 10
78 11 89 11
78 13 89 13
78 32 81 34
78 49 89 49
78 53 89 53
78 65 89 65
78 70 83 71
78 72 83 73
78 83 89 83
78 84 89 84
78 96 89 96
78 106 80 109
79 16 84 17
79 18 90 18
79 38 90 38
79 43 90 43
79 59 90 59
79 74 81 77
79 79 90 79
79 81 90 81
79 98 90 98
79 103 82 105
79 112 84 113
80 1 91 1
80 20 91 20
80 41 91 41
80 54 85 55
80 69 91 69
80 88 85 89
80 100 91 100
81 7 92 7
81 37 92 37
81 57 86 58
81 62 92 62
81 91 84 93
81 114 86 115
81 116 92 116
81 121 86 122
81 125 92 125
82 8 85 10
82 33 87 34
82 63 87 64
82 74 84 77
82 106 84 109
82 117 93 117
83 12 94 12
83 25 94 25
83 30 86 32
83 46 94 46
83 97 94 97
83 103 86 105
83 123 88 124
84 23 95 23
84 28 95 28
84 39 95 39
84 45 95 45
84 70 87 72
84 111 95 111
85 0 96 0
85 16 90 17
85 60 90 61
85 67 96 67
85 73 87 76
85 86 90 87
85 91 90 92
85 94 96 94
85 99 96 99
85 107 90 108
85 112 96 112
85 120 96 120
86 9 91 10
86 24 97 24
86 26 91 27
86 54 89 56
86 90 97 90
86 101 91 102
86 106 97 106
87 6 98 6
87 14 92 15
87 21 92 22
87 30 90 32
87 35 92 36
87 57 98 57
87 77 92 78
87 103 90 105
87 114 92 115
87 119 98 119
87 121 92 122
88 29 99 29
88 34 99 34
88 47 93 48
88 63 93 64
88 70 93 71
88 72 90 75
88 76 99 76
88 88 99 88
88 95 99 95
88 109 93 110
88 113 99 113
89 2 91 5
89 33 100 33
89 50 100 50
89 51 94 52
89 80 100 80
89 93 100 93
91 18 96 19
91 42 96 43
91 58 93 61
91 81 96 82
91 84 93 87
91 107 96 108
92 1 94 4
92 8 95 10
92 72 95 74
92 102 94 105
93 14 98 15
93 35 98 36
93 55 98 56
93 77 98 78
93 114 98 115
94 20 99 21
94 26 99 27
94 84 96 87
94 116 97 118
94 121 99 122
95 1 100 2
95 3 98 5
95 47 100 48
96 71 99 73
97 84 99 87
16 11 27 11
18 65 23 66
20 107 31 107
22 100 25 102
24 43 29 44
27 80 38 80
29 15 40 15
35 86 46 86
40 29 51 29
44 124 49 125
48 99 59 99
49 14 60 14
49 67 60 67
51 104 56 105
59 101 70 101
63 89 74 89
65 8 70 9
65 66 76 66
68 57 79 57
68 123 79 123
81 50 86 51
82 118 93 118
5 27 16 27
10 94 21 94
50 75 61 75
53 12 64 12
61 48 72 48
74 36 85 36
28 12 38 12
80 40 90 40
80 42 90 42
90 49 100 49
73 30 82 30
91 92 100 92
43 2 44 6
49 60 58 60
50 125 59 125
63 106 67 107
5 76 13 76
13 32 15 34
17 58 25 58
39 98 47 98
43 51 51 51
50 91 52 93
72 125 80 125
78 6 86 6
7 68 10 69
16 60 23 60
37 54 40 55
56 6 59 7
66 95 73 95
67 16 74 16
71 8 74 9
73 93 80 93
79 21 86 21
0 130 3 132
0 133 1 138
0 139 3 141
0 142 2 145
0 148 0 159
0 162 1 167
0 168 0 179
0 180 0 191
0 192 0 203
0 204 0 215
0 216 2 219
0 220 0 231
0 232 0 243
0 246 3 248
0 249 11 249
1 129 12 129
1 146 2 151
1 152 4 154
1 156 12 156
1 159 12 159
1 160 12 160
1 168 3 171
1 172 6 173
1 174 6 175
1 177 2 182
1 183 2 188
1 189 4 191
1 192 4 194
1 195 6 196
1 197 12 197
1 198 1 209
1 210 3 213
1 214 6 215
1 221 4 223
1 224 1 235
1 236 4 238
1 239 2 244
2 133 3 138
2 161 3 166
2 167 13 167
2 200 3 205
2 207 13 207
2 209 13 209
2 224 2 235
3 142 4 147
3 148 5 151
3 158 14 158
3 176 8 177
3 179 14 179
3 180 8 181
3 182 14 182
3 183 5 186
3 187 8 188
3 198 14 198
3 206 14 206
3 217 6 219
3 224 3 235
3 239 8 240
3 241 5 244
4 130 6 133
4 134 9 135
4 137 9 138
4 141 15 141
4 155 15 155
4 161 5 166
4 170 15 170
4 199 6 202
4 203 7 205
4 211 9 212
4 213 15 213
4 227 5 232
4 234 9 235
4 245 7 247
5 128 16 128
5 136 16 136
5 144 7 147
5 152 8 154
5 168 10 169
5 189 6 194
5 210 16 210
5 220 6 225
5 226 16 226
5 236 16 236
5 237 10 238
5 248 16 248
6 142 11 143
6 161 7 166
6 171 17 171
6 178 17 178
6 183 17 183
6 185 11 186
6 227 9 229
6 230 11 231
6 232 11 233
6 241 8 244
7 132 12 133
7 139 12 140
7 148 9 151
7 172 10 174
7 184 18 184
7 189 8 194
7 201 12 202
7 214 10 216
7 217 18 217
7 218 9 221
7 222 9 225
8 144 13 145
8 162 19 162
8 203 19 203
8 205 19 205
8 245 11 247
9 161 20 161
9 163 14 164
9 175 14 176
9 188 20 188
9 189 10 194
9 239 10 244
10 137 21 137
10 147 12 150
10 151 12 154
10 195 15 196
10 208 21 208
10 211 21 211
10 212 21 212
10 218 12 221
10 222 21 222
10 223 13 225
10 227 13 229
10 234 21 234
10 235 21 235
11 126 22 126
11 138 22 138
11 168 22 168
11 172 14 174
11 187 22 187
11 189 12 194
11 200 22 200
11 214 14 216
11 237 12 242
11 243 16 244
12 131 23 131
12 134 23 134
12 165 17 166
12 231 17 232
12 233 23 233
12 245 15 247
13 130 24 130
13 132 18 133
13 139 24 139
13 146 16 148
13 150 16 152
13 153 18 154
13 157 24 157
13 189 24 189
13 190 15 193
13 197 24 197
13 199 24 199
13 201 18 202
13 218 15 221
13 237 14 242
14 142 17 144
14 145 25 145
14 156 25 156
14 177 25 177
14 207 25 207
14 223 19 224
14 228 17 230
15 129 26 129
15 158 18 160
15 163 20 164
15 175 20 176
15 179 17 182
15 185 20 186
15 206 26 206
15 214 20 215
15 237 20 238
15 239 17 242
16 167 27 167
16 169 27 169
16 170 27 170
16 190 27 190
16 193 19 195
16 198 27 198
16 218 19 220
16 225 27 225
16 227 27 227
17 146 18 151
17 152 28 152
17 172 20 174
17 204 28 204
17 209 22 210
17 243 18 248
17 249 28 249
18 127 23 128
18 141 20 144
18 165 23 166
18 178 20 181
18 191 23 192
18 216 29 216
18 229 20 232
18 240 21 242
19 140 30 140
19 146 20 151
19 153 22 155
19 159 30 159
19 160 30 160
19 226 30 226
19 243 24 244
19 245 30 245
19 247 30 247
20 136 31 136
20 183 31 183
20 184 31 184
20 195 25 196
20 201 23 203
20 219 25 220
20 236 31 236
21 132 32 132
21 141 32 141
21 146 32 146
21 148 24 150
21 151 32 151
21 158 32 158
21 162 24 164
21 172 24 174
21 175 26 176
21 180 32 180
21 186 32 186
21 193 26 194
21 213 24 215
21 224 32 224
21 228 23 231
21 232 32 232
22 133 33 133
22 222 33 222
22 234 33 234
22 237 23 242
23 126 34 126
23 153 26 155
23 208 34 208
23 209 26 211
23 217 28 218
23 235 34 235
23 248 34 248
24 134 29 135
24 137 29 138
24 142 27 144
24 181 29 182
24 191 35 191
24 192 35 192
24 200 27 202
24 203 35 203
24 228 26 231
24 238 27 240
24 241 35 241
24 242 35 242
25 130 30 131
25 161 36 161
25 162 27 165
25 171 36 171
25 172 30 173
25 178 30 179
25 187 36 187
25 188 30 189
25 197 36 197
25 212 28 214
25 215 36 215
26 139 37 139
26 147 31 148
26 149 31 150
26 156 37 156
26 177 37 177
26 195 37 195
26 196 37 196
26 219 37 219
26 223 37 223
27 127 30 129
27 154 32 155
27 193 32 194
27 206 32 207
27 209 38 209
27 220 32 221
27 230 32 231
27 243 32 244
28 142 30 145
28 163 29 168
28 169 33 170
28 175 33 176
28 198 31 200
28 201 39 201
28 202 39 202
28 227 39 227
28 237 33 238
28 239 39 239
29 152 34 153
29 162 40 162
29 174 40 174
29 185 40 185
29 204 40 204
29 210 40 210
29 212 40 212
29 213 40 213
29 217 40 217
30 137 41 137
30 163 32 166
30 167 35 168
30 181 41 181
30 211 41 211
30 218 41 218
31 127 42 127
31 128 33 131
31 143 42 143
31 144 42 144
31 172 42 172
31 188 42 188
31 233 42 233
32 134 35 136
32 147 43 147
32 148 35 150
32 159 43 159
32 183 43 183
32 184 43 184
32 190 43 190
32 205 43 205
32 245 37 246
33 142 44 142
33 155 44 155
33 163 35 166
33 179 38 180
33 189 44 189
33 193 44 193
33 198 36 200
33 225 38 226
33 228 35 231
33 240 44 240
34 128 35 133
34 138 45 138
34 141 45 141
34 146 45 146
34 175 39 176
34 178 45 178
34 182 45 182
34 206 39 207
34 216 45 216
34 237 39 238
35 152 38 154
35 160 46 160
35 186 46 186
35 221 40 222
35 243 40 244
35 247 46 247
35 248 40 249
36 128 38 131
36 132 39 134
36 149 47 149
36 150 47 150
36 166 39 168
36 191 41 192
36 194 47 194
36 232 47 232
37 136 48 136
37 187 48 187
37 198 42 199
37 208 48 208
37 229 42 230
38 139 43 140
38 145 49 145
38 156 41 158
38 196 49 196
38 220 49 220
38 224 49 224
38 234 43 235
38 236 49 236
39 128 44 129
39 130 44 131
39 152 44 153
39 154 50 154
39 173 50 173
39 195 50 195
39 231 50 231
40 132 43 134
40 165 42 168
40 200 43 202
40 223 51 223
40 225 42 228
40 237 51 237
40 239 51 239
40 241 45 242
40 245 45 246
41 161 43 164
41 169 44 171
41 185 52 185
41 197 52 197
41 207 52 207
41 209 52 209
41 213 52 213
41 221 52 221
41 222 52 222
41 243 52 243
41 244 52 244
42 126 53 126
42 137 53 137
42 156 53 156
42 174 44 177
42 180 47 181
42 191 47 192
42 211 53 211
42 217 45 219
43 135 54 135
43 214 48 215
43 225 48 226
43 227 46 229
43 248 48 249
44 132 47 134
44 143 49 144
44 147 55 147
44 158 49 159
44 161 46 164
44 165 49 166
44 199 47 201
44 202 49 203
44 205 55 205
44 233 49 234
45 130 50 131
45 152 56 152
45 153 56 153
45 155 56 155
45 168 48 170
45 171 50 172
45 179 56 179
45 188 48 190
45 193 56 193
46 129 57 129
46 138 48 141
46 174 57 174
46 175 49 177
46 178 57 178
46 212 57 212
46 217 57 217
46 218 57 218
46 240 49 242
47 127 52 128
47 146 58 146
47 148 58 148
47 183 58 183
47 219 58 219
47 227 50 229
47 230 58 230
47 238 58 238
48 142 59 142
48 150 59 150
48 160 51 162
48 180 59 180
48 191 53 192
48 194 59 194
48 199 51 201
49 132 60 132
49 133 54 134
49 138 51 141
49 163 54 164
49 169 54 170
49 181 54 182
49 186 52 188
49 216 60 216
49 225 54 226
49 245 60 245
49 246 54 247
49 249 60 249
50 143 61 143
50 144 55 145
50 151 61 151
50 157 53 159
50 166 61 166
50 167 61 167
50 175 53 177
50 189 61 189
50 196 61 196
50 202 53 204
50 220 61 220
50 232 55 233
50 236 61 236
50 240 55 241
51 210 62 210
51 214 56 215
52 138 54 141
52 160 57 161
52 173 63 173
52 198 57 199
52 227 57 228
52 231 63 231
52 234 63 234
52 235 63 235
52 237 63 237
52 242 63 242
53 127 58 128
53 171 64 171
53 186 58 187
53 195 64 195
53 206 56 208
53 209 64 209
53 221 64 221
53 243 58 244
54 130 59 131
54 156 56 159
54 168 65 168
54 175 57 177
54 192 65 192
54 200 56 203
55 126 66 126
55 133 57 136
55 138 66 138
55 139 58 141
55 162 66 162
55 169 60 170
55 190 66 190
55 222 60 223
55 225 60 226
55 229 66 229
55 239 66 239
56 144 67 144
56 145 67 145
56 154 67 154
56 181 61 182
56 197 67 197
56 232 61 233
56 240 61 241
56 246 61 247
57 153 68 153
57 156 59 159
57 184 68 184
57 193 68 193
57 200 62 201
57 202 62 203
57 204 62 205
57 206 60 208
58 133 60 136
58 160 69 160
58 165 69 165
58 174 59 179
58 191 69 191
58 198 63 199
58 211 69 211
58 212 61 214
58 215 69 215
58 227 63 228
59 127 64 128
59 139 62 141
59 146 61 149
59 152 70 152
59 185 61 188
59 218 64 219
60 131 71 131
60 156 62 159
60 174 65 175
60 176 63 178
61 129 66 130
61 132 62 137
61 150 72 150
61 206 64 208
61 222 72 222
61 225 72 225
61 244 66 245
62 142 67 143
62 146 64 149
62 166 67 167
62 179 64 182
62 185 65 187
62 223 73 223
62 224 73 224
62 247 73 247
63 132 68 133
63 134 65 137
63 139 68 140
63 141 74 141
63 155 65 158
63 159 74 159
63 189 74 189
63 200 74 200
63 201 74 201
63 202 66 204
63 216 68 217
63 226 74 226
63 230 74 230
63 232 68 233
64 164 75 164
64 169 69 170
64 176 67 178
64 188 75 188
64 198 69 199
64 212 67 214
64 237 75 237
64 240 75 240
64 249 75 249
65 127 70 128
65 146 70 147
65 171 68 173
65 179 70 180
65 182 70 183
65 207 67 210
65 218 67 221
65 228 76 228
65 246 76 246
66 136 71 137
66 151 77 151
66 155 69 157
66 158 77 158
66 174 71 175
66 196 77 196
67 126 78 126
67 129 78 129
67 148 78 148
67 186 72 187
67 227 78 227
67 236 78 236
67 238 72 239
67 241 72 242
67 244 72 245
68 142 70 145
68 154 79 154
68 161 73 162
68 166 79 166
68 176 71 178
68 202 71 204
68 207 79 207
68 210 79 210
68 218 79 218
68 219 71 221
68 231 79 231
68 234 73 235
69 133 74 134
69 138 74 139
69 140 80 140
69 153 80 153
69 167 74 168
69 171 74 172
69 190 80 190
69 194 80 194
69 209 80 209
69 216 74 217
69 233 80 233
69 248 80 248
70 156 81 156
70 160 81 160
70 170 81 170
70 181 81 181
70 184 81 184
70 185 81 185
70 197 81 197
70 198 81 198
70 211 72 214
70 215 81 215
70 229 81 229
70 243 81 243
71 130 82 130
71 132 82 132
71 142 72 147
71 192 82 192
71 208 82 208
72 135 83 135
72 169 83 169
72 173 75 175
72 177 74 180
72 202 75 204
72 205 77 206
73 142 75 145
73 146 84 146
73 186 78 187
73 195 84 195
73 211 75 214
73 219 76 221
73 222 84 222
73 241 78 242
73 245 84 245
74 136 79 137
74 149 79 150
74 161 77 163
74 191 85 191
74 223 77 225
74 232 85 232
75 127 80 128
75 138 86 138
75 152 86 152
75 157 86 157
75 172 86 172
75 178 78 180
75 182 80 183
75 189 86 189
75 199 78 201
75 238 80 239
76 141 78 144
76 145 87 145
76 147 87 147
76 155 87 155
76 159 87 159
76 164 81 165
76 173 79 175
76 202 87 202
76 211 78 214
76 249 87 249
77 134 88 134
77 139 88 139
77 216 82 217
77 221 88 221
77 230 88 230
78 158 89 158
78 161 81 163
78 168 89 168
78 188 89 188
78 203 83 204
78 205 89 205
78 223 80 226
79 141 90 141
79 142 90 142
79 143 84 144
79 151 90 151
79 176 82 178
79 186 90 186
79 199 90 199
79 200 90 200
79 211 81 214
79 234 81 237
79 240 90 240
79 241 90 241
79 242 90 242
80 126 91 126
80 137 91 137
80 166 85 167
80 171 91 171
80 173 85 174
80 179 85 180
80 207 91 207
80 227 85 228
80 246 91 246
81 127 92 127
81 182 86 183
81 194 92 194
81 219 86 220
81 223 84 225
82 160 84 163
82 175 93 175
82 184 93 184
82 198 93 198
82 209 84 212
82 213 85 215
82 233 85 235
82 238 87 239
82 243 87 244
83 129 86 131
83 148 88 149
83 150 94 150
83 153 94 153
83 170 94 170
83 176 88 177
83 178 94 178
83 187 94 187
83 192 88 193
83 196 88 197
83 208 94 208
83 217 94 217
83 248 94 248
84 132 89 133
84 135 89 136
84 164 89 165
84 185 95 185
85 160 96 160
85 161 88 163
85 201 96 201
85 209 96 209
85 212 96 212
85 218 96 218
85 222 87 225
85 231 96 231
85 245 96 245
86 140 97 140
86 154 97 154
86 166 91 167
86 169 97 169
86 181 97 181
86 191 97 191
86 195 97 195
86 203 97 203
86 210 91 211
86 213 88 216
86 234 89 236
86 247 97 247
87 128 89 131
87 138 98 138
87 143 92 144
87 152 98 152
87 173 92 174
87 182 98 182
87 219 92 220
87 227 98 227
87 232 98 232
88 155 99 155
88 156 93 157
88 179 99 179
88 183 99 183
88 222 99 222
88 223 90 226
88 228 93 229
88 237 93 238
88 243 93 244
89 139 100 139
89 147 92 149
89 176 100 176
89 189 94 190
89 192 94 193
89 196 94 197
89 213 94 214
89 239 100 239
89 249 100 249
90 130 95 131
90 132 92 135
90 204 93 206
90 233 92 236
91 145 96 146
91 223 93 226
91 240 94 242
92 167 97 168
92 171 97 172
93 132 96 134
93 143 98 144
93 147 98 148
94 156 99 157
94 174 99 175
94 204 96 207
94 223 96 226
94 228 97 230
94 234 97 236
94 237 99 238
95 177 100 178
95 189 100 190
95 192 100 193
95 213 100 214
95 240 100 241
95 242 98 244
96 184 98 187
97 130 99 133
97 223 99 226
98 201 99 206
99 143 100 148
1 157 12 157
10 135 21 135
19 246 30 246
25 157 36 157
27 228 32 229
29 214 40 214
33 151 44 151
34 169 39 170
40 206 51 206
44 184 55 184
49 248 60 248
50 224 61 224
55 163 60 164
61 163 72 163
65 205 70 206
74 247 85 247
9 180 14 181
20 205 31 205
36 163 39 165
51 172 62 172
69 193 80 193
78 206 89 206
16 221 26 221
36 148 46 148
48 149 58 149
59 243 69 243
72 131 82 131
88 202 97 202
89 162 98 162
7 130 11 131
58 161 67 161
8 204 16 204
9 127 17 127
21 142 23 144
35 234 37 236
41 204 49 204
43 198 51 198
60 194 68 194
65 149 73 149
75 133 83 133
90 164 98 164
92 137 100 137
2 208 9 208
7 199 10 200
50 165 57 165
88 159 95 159
101 5 106 6
101 21 112 21
101 36 112 36
101 46 102 51
101 92 112 92
101 93 104 95
101 121 112 121
102 8 113 8
102 9 113 9
102 20 113 20
102 68 113 68
102 76 113 76
102 80 113 80
102 82 107 83
102 107 113 107
102 123 113 123
103 1 114 1
103 2 114 2
103 12 114 12
103 18 108 19
103 25 105 28
103 43 114 43
103 46 108 47
103 65 108 66
103 112 114 112
104 16 115 16
104 23 115 23
104 31 107 33
104 39 109 40
104 48 106 51
104 85 105 90
104 91 115 91
105 38 116 38
105 44 116 44
105 57 116 57
105 69 116 69
105 74 116 74
105 77 116 77
105 79 116 79
105 94 116 94
105 101 110 102
106 4 117 4
106 13 109 15
106 25 117 25
106 26 108 29
106 34 111 35
106 58 111 59
106 63 117 63
106 84 107 89
106 93 117 93
106 96 111 97
106 98 117 98
106 99 117 99
106 100 117 100
106 111 117 111
106 114 117 114
107 3 118 3
107 5 110 7
107 49 112 50
107 51 118 51
107 78 118 78
107 110 118 110
107 117 110 119
108 10 119 10
108 11 119 11
108 31 119 31
108 56 119 56
108 82 110 85
108 88 111 90
108 125 119 125
109 26 114 27
109 32 114 33
109 45 112 47
109 48 120 48
109 61 120 61
109 64 120 64
109 65 114 66
109 73 120 73
109 103 114 104
110 29 121 29
110 37 121 37
110 39 112 42
110 54 121 54
110 116 121 116
111 5 114 7
111 13 114 15
111 17 114 19
111 28 122 28
111 53 122 53
111 62 122 62
111 81 114 83
111 84 122 84
111 85 122 85
111 101 116 102
111 108 116 109
111 117 113 120
111 124 122 124
112 0 123 0
112 55 123 55
112 58 117 59
112 67 123 67
112 75 123 75
112 89 123 89
112 97 123 97
112 105 117 106
112 122 123 122
113 22 124 22
113 45 116 47
113 70 118 71
113 86 124 86
114 21 125 21
114 24 125 24
114 34 125 34
114 39 116 42
114 80 125 80
114 88 125 88
114 95 125 95
114 118 117 120
115 1 120 2
115 5 126 5
115 6 118 8
115 12 117 15
115 17 117 20
115 65 120 66
115 81 120 82
115 112 120 113
116 26 121 27
116 33 127 33
116 52 127 52
116 117 127 117
117 9 128 9
117 16 128 16
117 30 128 30
117 38 118 43
117 46 122 47
117 49 128 49
117 60 128 60
117 69 128 69
117 72 128 72
117 90 120 92
117 107 120 109
118 12 121 14
118 17 120 20
118 25 129 25
118 36 129 36
118 59 129 59
118 63 129 63
118 68 129 68
118 77 129 77
118 79 129 79
118 93 129 93
118 98 123 99
118 100 123 101
118 102 129 102
118 103 123 104
118 105 123 106
118 114 129 114
118 118 120 121
119 4 130 4
119 6 122 8
119 38 122 40
119 41 130 41
119 42 124 43
119 44 130 44
119 50 124 51
119 57 124 58
119 71 130 71
119 78 130 78
119 110 124 111
120 10 131 10
120 23 131 23
120 31 125 32
120 123 131 123
120 125 131 125
121 15 132 15
121 17 123 20
121 45 132 45
121 48 132 48
121 64 132 64
121 81 132 81
121 91 132 91
121 92 132 92
121 107 126 108
121 112 132 112
121 118 123 121
122 1 125 3
122 13 127 14
122 26 127 27
122 35 133 35
122 70 133 70
122 82 127 83
122 90 133 90
122 116 133 116
123 6 128 7
123 37 126 39
123 53 134 53
123 61 134 61
123 65 128 66
123 73 134 73
123 76 134 76
123 84 134 84
123 87 134 87
124 8 135 8
124 17 126 20
124 40 135 40
124 54 135 54
124 89 135 89
124 96 129 97
124 100 129 101
124 103 129 104
124 118 126 121
125 11 130 12
125 46 136 46
125 55 128 57
125 62 136 62
125 94 136 94
125 105 130 106
125 109 130 110
125 115 136 115
126 0 131 1
126 21 131 22
126 31 131 32
126 42 137 42
126 43 137 43
126 99 137 99
126 111 137 111
126 124 137 124
127 19 138 19
127 24 138 24
127 37 132 38
127 39 138 39
127 58 138 58
127 67 138 67
127 107 138 107
127 119 130 121
127 122 138 122
128 2 133 3
128 14 139 14
128 20 139 20
128 26 139 26
128 50 139 50
128 51 133 52
128 82 133 83
128 117 139 117
128 118 139 118
129 13 140 13
129 17 134 18
129 27 132 29
129 47 140 47
129 55 134 56
129 74 134 75
130 5 133 7
130 59 135 60
130 65 135 66
130 68 141 68
130 72 141 72
130 79 141 79
130 96 133 98
130 114 141 114
131 11 136 12
131 25 142 25
131 30 142 30
131 33 136 34
131 77 136 78
131 86 142 86
131 102 142 102
131 109 136 110
131 120 136 121
132 0 137 1
132 21 143 21
132 22 137 23
132 32 143 32
132 63 143 63
132 108 143 108
132 113 143 113
133 15 144 15
133 36 138 37
133 38 144 38
133 41 144 41
133 44 138 45
133 48 138 49
133 57 144 57
133 71 144 71
133 88 144 88
133 91 136 93
133 105 138 106
133 119 144 119
133 123 144 123
134 3 136 6
134 7 145 7
134 35 145 35
134 52 145 52
134 80 136 83
134 90 145 90
134 95 137 97
134 100 139 101
134 103 139 104
134 116 145 116
135 16 140 17
135 27 146 27
135 31 146 31
135 55 140 56
135 74 138 76
135 87 146 87
136 8 147 8
136 9 141 10
136 40 147 40
136 53 147 53
136 59 141 60
136 61 147 61
136 64 139 66
136 73 147 73
136 112 147 112
137 2 139 5
137 11 142 12
137 34 148 34
137 46 148 46
137 70 148 70
137 80 139 83
137 91 142 92
137 109 142 110
137 115 148 115
138 0 149 0
138 23 149 23
138 28 143 29
138 42 143 43
138 77 143 78
138 84 149 84
138 94 140 97
138 98 143 99
138 111 149 111
138 120 143 121
138 124 149 124
139 18 150 18
139 19 150 19
139 48 144 49
139 67 150 67
139 74 144 75
139 105 142 107
140 2 151 2
140 4 143 6
140 20 151 20
140 36 145 37
140 44 145 45
140 50 145 51
140 64 143 66
140 69 151 69
140 80 142 83
140 117 151 117
141 24 152 24
141 54 144 56
141 76 152 76
141 93 143 96
141 103 152 103
141 118 152 118
142 13 153 13
142 33 153 33
142 58 147 59
142 60 153 60
142 72 153 72
142 104 153 104
143 10 148 11
143 16 148 17
143 30 154 30
143 80 148 81
143 105 146 107
143 109 148 110
144 3 147 5
144 28 149 29
144 42 155 42
144 62 146 65
144 66 155 66
144 77 155 77
144 78 155 78
144 82 149 83
144 92 145 97
144 98 155 98
144 99 147 101
144 113 149 114
144 120 155 120
145 9 156 9
145 14 150 15
145 26 156 26
145 32 156 32
145 38 156 38
145 41 156 41
145 47 156 47
145 54 150 55
145 56 150 57
145 74 150 75
145 85 150 86
145 88 150 89
145 121 150 122
146 44 151 45
146 48 149 50
146 51 151 52
146 71 157 71
146 90 151 91
146 92 151 93
146 94 149 96
146 125 157 125
147 35 158 35
147 65 158 65
148 4 151 6
148 8 159 8
148 25 159 25
148 27 159 27
148 40 159 40
148 43 159 43
148 53 159 53
148 58 153 59
148 99 153 100
148 101 159 101
148 105 150 108
148 123 159 123
149 10 154 11
149 21 160 21
149 36 154 37
149 46 160 46
149 61 151 64
149 70 160 70
149 73 160 73
149 79 152 81
149 110 160 110
149 116 160 116
150 0 161 0
150 16 155 17
150 48 153 50
150 84 161 84
150 95 161 95
150 112 152 115
150 124 161 124
151 15 162 15
151 19 162 19
151 28 162 28
151 39 162 39
151 54 156 55
151 56 162 56
151 67 156 68
151 85 153 88
151 105 153 108
151 121 156 122
152 1 154 4
152 5 157 6
152 29 163 29
152 44 157 45
152 75 163 75
152 82 157 83
152 89 163 89
152 91 163 91
152 93 157 94
152 96 157 97
152 117 163 117
153 7 164 7
153 12 164 12
153 18 164 18
153 63 158 64
153 79 156 81
153 111 158 112
153 114 164 114
153 115 164 115
153 118 158 119
154 13 159 14
154 33 165 33
154 48 165 48
154 49 159 50
154 51 165 51
154 52 165 52
154 57 156 60
154 85 157 87
154 90 165 90
154 99 165 99
154 103 156 106
154 109 165 109
155 2 160 3
155 10 160 11
155 30 160 31
155 36 160 37
155 61 160 62
155 76 166 76
155 108 166 108
155 113 166 113
156 16 167 16
156 74 167 74
156 77 161 78
156 120 167 120
157 57 159 60
157 66 160 68
157 72 168 72
157 100 168 100
157 102 159 105
157 121 162 122
158 4 169 4
158 6 169 6
158 17 169 17
158 22 163 23
158 26 169 26
158 41 163 42
158 47 169 47
158 54 163 55
158 82 169 82
158 83 169 83
158 85 161 87
158 92 161 94
158 98 169 98
158 106 163 107
158 125 169 125
159 35 170 35
159 63 162 65
159 111 170 111
159 112 170 112
159 118 164 119
160 1 171 1
160 8 171 8
160 24 171 24
160 40 171 40
160 43 163 45
160 49 165 50
160 57 163 59
160 101 162 104
160 105 171 105
160 123 171 123
161 2 166 3
161 5 172 5
161 14 172 14
161 20 166 21
161 31 172 31
161 37 166 38
161 46 172 46
161 60 166 61
161 66 162 71
161 80 172 80
162 11 173 11
162 78 173 78
162 81 173 81
162 84 164 87
162 95 165 97
163 0 174 0
163 9 168 10
163 62 165 65
163 66 168 67
163 68 168 69
163 70 174 70
163 88 174 88
163 93 168 94
163 101 168 102
163 103 174 103
163 104 174 104
163 110 174 110
163 116 174 116
163 121 168 122
164 15 175 15
164 27 166 30
164 39 175 39
164 42 167 44
164 54 167 56
164 57 167 59
164 106 175 106
165 7 176 7
165 45 176 45
165 79 176 79
165 84 168 86
165 91 170 92
165 117 170 118
165 119 176 119
166 12 171 13
166 18 171 19
166 23 177 23
166 33 171 34
166 41 177 41
166 48 168 51
166 52 177 52
166 63 171 64
166 87 177 87
166 89 171 90
166 95 171 96
167 20 172 21
167 27 169 30
167 36 178 36
167 37 178 37
167 38 178 38
167 75 178 75
167 108 172 109
167 113 178 113
168 2 173 3
168 16 179 16
168 32 179 32
168 43 173 44
168 53 170 56
168 57 169 62
169 22 180 22
169 48 174 49
169 66 172 68
169 69 180 69
169 77 180 77
169 84 172 86
169 99 172 101
170 9 175 10
170 25 171 30
170 51 181 51
170 57 171 62
170 65 181 65
170 71 181 71
170 102 181 102
170 120 181 120
170 121 175 122
170 124 181 124
171 6 182 6
171 53 182 53
171 54 182 54
171 72 174 74
171 91 176 92
171 93 182 93
171 107 182 107
171 112 182 112
172 13 183 13
172 24 173 29
172 34 183 34
172 56 173 61
172 62 175 64
172 94 174 97
172 98 183 98
172 105 183 105
172 123 183 123
173 4 178 5
173 17 178 18
173 19 176 21
173 46 184 46
173 50 184 50
173 66 178 67
173 80 184 80
173 82 175 85
173 86 184 86
173 108 184 108
173 111 184 111
173 114 178 115
174 1 179 2
174 14 185 14
174 24 185 24
174 26 176 29
174 33 185 33
174 58 176 61
174 68 185 68
174 78 185 78
174 99 185 99
174 117 179 118
175 11 180 12
175 35 186 35
175 42 180 43
175 70 186 70
175 88 186 88
175 94 180 95
175 103 186 103
176 0 187 0
176 9 181 10
176 48 187 48
176 56 181 57
176 81 178 84
176 89 181 90
176 109 187 109
176 121 181 122
177 7 188 7
177 25 178 30
177 39 182 40
177 44 182 45
177 49 188 49
177 59 179 62
177 63 182 64
177 72 180 74
177 85 188 85
177 91 182 92
177 100 182 101
178 19 189 19
178 21 189 21
178 23 189 23
178 96 189 96
178 97 189 97
178 119 189 119
178 125 189 125
179 28 190 28
179 36 184 37
179 47 190 47
179 52 190 52
179 82 182 84
179 113 181 116
180 1 182 4
180 15 183 17
180 29 185 30
180 31 185 32
180 58 183 60
180 62 191 62
180 67 191 67
180 104 191 104
180 117 185 118
181 5 192 5
181 11 186 12
181 25 186 26
181 38 192 38
181 41 192 41
181 66 192 66
181 72 183 75
181 87 192 87
181 110 192 110
182 8 187 9
182 27 193 27
182 43 193 43
182 51 193 51
182 57 193 57
182 94 187 95
182 114 193 114
182 121 187 122
183 1 186 3
183 18 194 18
183 44 188 45
183 53 188 54
183 61 194 61
183 81 185 84
183 89 194 89
183 90 185 93
183 100 188 101
183 107 194 107
183 112 194 112
183 115 188 116
183 120 194 120
184 6 195 6
184 16 195 16
184 17 195 17
184 20 195 20
184 58 187 60
184 71 185 76
184 105 195 105
185 10 196 10
185 36 190 37
185 39 190 40
185 50 196 50
185 69 196 69
185 79 190 80
185 98 196 98
186 4 197 4
186 14 191 15
186 29 191 30
186 31 197 31
186 46 197 46
186 63 189 65
186 72 187 77
186 84 197 84
186 99 197 99
187 3 198 3
187 11 198 11
187 12 192 13
187 25 192 26
187 33 190 35
187 70 192 71
187 88 198 88
187 91 192 92
187 102 192 103
188 0 191 2
188 9 199 9
188 48 199 48
188 58 191 60
188 72 191 74
188 81 191 83
188 106 199 106
188 108 193 109
188 117 193 118
188 123 199 123
189 55 194 56
189 93 192 95
189 100 194 101
189 115 194 116
190 21 192 24
190 76 193 78
191 32 192 37
191 53 196 54
191 64 196 65
192 0 195 2
192 58 195 60
192 67 197 68
192 72 194 75
192 79 195 81
192 85 197 86
193 13 196 15
193 22 195 25
193 32 194 37
193 38 195 41
193 91 194 96
193 110 198 111
194 43 197 45
194 51 199 52
194 70 199 71
194 82 199 83
195 27 197 30
195 32 198 34
195 35 198 37
195 55 198 57
195 72 198 74
195 75 198 77
195 90 198 92
195 93 197 96
195 100 197 103
195 112 197 115
195 116 196 121
196 17 197 22
196 23 198 26
196 58 197 63
196 78 199 80
197 5 199 8
197 12 199 15
198 39 199 44
198 58 198 69
198 93 198 104
199 89 199 100
105 115 116 115
111 87 122 87
112 96 123 96
117 74 128 74
124 85 135 85
138 1 149 1
138 22 149 22
145 102 156 102
149 34 160 34
150 22 155 23
166 114 171 115
167 76 178 76
174 55 185 55
176 106 187 106
181 42 192 42
188 121 193 122
194 108 199 109
196 0 199 2
197 116 199 119
199 17 199 28
199 56 199 67
104 53 109 54
123 28 128 29
139 39 150 39
157 79 160 81
182 113 193 113
189 7 194 8
121 113 131 113
189 49 199 49
106 72 116 72
129 69 139 69
113 35 117 36
133 28 137 29
160 25 169 25
172 8 181 8
196 38 197 42
199 29 199 38
143 12 152 12
161 73 170 73
114 76 122 76
136 85 144 85
142 68 150 68
152 69 160 69
170 47 178 47
186 90 194 90
191 47 199 47
197 120 199 122
105 22 112 22
117 94 124 94
117 115 124 115
126 80 133 80
130 103 133 104
132 9 135 10
147 31 154 31
158 96 161 97
160 53 167 53
172 89 175 90
192 62 195 63
198 112 199 115
101 131 112 131
101 137 112 137
101 138 106 139
101 143 112 143
101 144 106 145
101 147 106 148
101 182 106 183
101 189 104 191
101 192 106 193
101 213 106 214
101 237 104 239
102 176 107 177
102 184 107 185
102 187 113 187
102 217 113 217
103 129 108 130
103 135 114 135
103 165 114 165
103 200 114 200
103 205 106 207
103 228 108 229
103 240 106 242
103 243 108 244
103 247 114 247
104 154 107 156
104 158 115 158
104 166 115 166
104 188 115 188
104 199 115 199
104 209 109 210
104 222 107 224
104 230 115 230
104 231 109 232
104 234 107 236
105 126 110 127
105 136 116 136
105 141 116 141
105 151 116 151
105 157 116 157
105 171 116 171
105 189 116 189
105 191 116 191
105 201 107 204
105 211 110 212
105 215 116 215
105 227 116 227
106 128 117 128
106 170 117 170
106 190 117 190
106 194 117 194
106 237 111 238
106 239 117 239
106 246 117 246
107 138 112 139
107 144 109 147
107 178 118 178
107 197 112 198
107 205 109 208
107 216 118 216
107 220 112 221
107 240 118 240
108 132 111 134
108 149 113 150
108 154 111 156
108 159 119 159
108 173 113 174
108 183 110 186
108 201 119 201
108 213 113 214
108 219 119 219
108 222 113 223
108 224 119 224
108 233 113 234
108 235 113 236
108 241 113 242
108 249 119 249
109 176 114 177
109 225 120 225
109 228 114 229
110 144 115 145
110 148 121 148
110 153 121 153
110 167 113 169
110 182 121 182
110 196 121 196
110 202 121 202
110 203 113 205
110 206 112 209
110 232 121 232
111 126 122 126
111 142 122 142
111 162 114 164
111 172 122 172
111 181 122 181
111 183 114 185
111 192 116 193
111 218 122 218
112 146 117 147
112 155 123 155
112 160 117 161
112 179 117 180
112 237 117 238
113 130 116 132
113 139 118 140
113 143 124 143
113 195 124 195
113 206 118 207
113 209 124 209
113 210 118 211
114 137 119 138
114 149 125 149
114 150 125 150
114 154 125 154
114 167 125 167
114 168 125 168
114 174 125 174
114 175 125 175
114 186 125 186
114 203 117 205
114 213 119 214
114 220 125 220
114 233 116 236
114 241 116 244
115 133 120 134
115 162 117 165
115 169 126 169
115 176 120 177
115 183 118 185
115 187 126 187
115 197 126 197
115 200 126 200
115 222 120 223
116 158 127 158
116 166 127 166
116 228 119 230
116 248 127 248
117 129 122 130
117 131 122 132
117 151 128 151
117 156 128 156
117 157 128 157
117 171 128 171
117 173 128 173
117 192 128 192
117 215 128 215
117 226 128 226
117 236 128 236
117 241 120 243
118 135 129 135
118 145 121 147
118 160 121 162
118 163 123 164
118 180 129 180
118 188 121 190
118 194 129 194
118 205 129 205
118 231 129 231
118 237 121 239
118 244 120 247
119 144 130 144
119 170 130 170
119 178 124 179
119 183 122 185
119 199 130 199
119 206 122 208
119 210 124 211
119 212 130 212
119 233 124 234
120 127 125 128
120 137 123 139
120 203 125 204
120 228 131 228
120 229 131 229
120 230 131 230
120 249 131 249
121 176 132 176
121 219 132 219
121 222 132 222
121 224 126 225
121 227 132 227
121 240 132 240
121 241 123 244
122 160 125 162
122 182 133 182
122 188 133 188
122 201 127 202
122 216 127 217
122 237 125 239
122 247 133 247
123 129 124 134
123 140 126 142
123 146 134 146
123 147 128 148
123 152 128 153
123 172 134 172
123 190 134 190
123 198 134 198
123 232 134 232
123 246 134 246
124 155 135 155
124 163 127 165
124 183 129 184
124 185 135 185
124 208 135 208
124 213 135 213
124 241 126 244
125 130 127 133
125 137 128 139
125 143 136 143
125 178 136 178
125 206 136 206
125 245 136 245
126 129 137 129
126 145 137 145
126 149 131 150
126 160 129 162
126 168 137 168
126 174 131 175
126 203 131 204
126 209 137 209
126 237 137 237
127 127 138 127
127 134 138 134
127 140 130 142
127 159 138 159
127 186 132 187
127 195 132 196
127 197 138 197
127 220 132 221
127 223 138 223
127 233 138 233
127 242 130 244
128 130 131 132
128 133 139 133
128 163 130 166
128 181 139 181
128 216 139 216
128 224 139 224
128 234 133 235
128 248 139 248
129 137 134 138
129 151 134 152
129 156 140 156
129 157 134 158
129 169 140 169
129 173 140 173
129 179 140 179
129 192 134 193
129 201 134 202
129 215 140 215
129 225 134 226
129 241 140 241
130 128 141 128
130 147 141 147
130 153 141 153
130 160 135 161
130 177 141 177
130 183 135 184
130 194 141 194
130 210 141 210
130 231 141 231
131 136 142 136
131 140 134 142
131 162 132 167
131 207 142 207
131 214 142 214
131 242 136 243
131 244 142 244
132 130 143 130
132 139 143 139
132 148 137 149
132 171 143 171
132 174 137 175
132 203 143 203
132 204 143 204
132 205 143 205
132 211 143 211
132 212 143 212
132 228 135 230
133 162 144 162
133 164 144 164
133 186 138 187
133 195 138 196
133 217 144 217
133 218 138 219
133 220 138 221
133 238 136 240
134 165 137 167
134 189 145 189
134 222 145 222
135 150 140 151
135 157 146 157
135 176 146 176
135 190 146 190
135 191 138 193
135 198 137 201
135 226 146 226
135 235 140 236
135 246 140 247
136 138 147 138
136 141 141 142
136 146 147 146
136 154 141 155
136 160 141 161
136 182 141 183
136 184 141 185
136 213 147 213
136 227 138 230
136 232 147 232
137 144 148 144
137 158 148 158
137 170 148 170
137 225 148 225
137 238 148 238
137 239 148 239
137 242 142 243
138 131 149 131
138 165 140 168
138 172 149 172
138 200 149 200
138 237 149 237
139 145 150 145
139 148 150 148
139 149 150 149
139 159 150 159
139 163 150 163
139 180 150 180
139 186 144 187
139 195 150 195
139 197 142 199
139 209 150 209
139 219 142 221
139 227 144 228
139 229 150 229
139 240 150 240
140 127 151 127
140 132 143 134
140 206 151 206
140 224 151 224
140 245 151 245
141 135 152 135
141 150 146 151
141 152 152 152
141 165 152 165
141 168 146 169
141 173 144 175
141 178 146 179
141 192 152 192
141 201 152 201
141 236 152 236
141 246 144 248
141 249 152 249
142 129 153 129
142 140 153 140
142 141 145 143
142 153 153 153
142 154 147 155
142 181 145 183
142 184 147 185
142 193 147 194
142 216 153 216
142 230 147 231
142 233 145 235
143 196 145 199
143 208 154 208
143 215 154 215
143 218 145 221
144 128 155 128
144 137 155 137
144 202 147 204
144 205 155 205
144 207 155 207
144 210 147 212
144 241 149 242
145 173 148 175
145 177 156 177
145 186 148 188
145 217 156 217
145 223 156 223
146 126 157 126
146 139 157 139
146 166 151 167
146 181 149 183
146 197 149 199
146 221 151 222
146 227 151 228
146 233 149 235
146 243 157 243
147 133 152 134
147 141 152 142
147 160 152 161
147 168 152 169
147 179 158 179
147 190 152 191
147 214 158 214
147 218 152 219
147 247 152 248
148 150 153 151
148 154 159 154
148 155 151 157
148 184 159 184
148 193 153 194
148 203 159 203
148 210 150 213
148 230 159 230
148 231 153 232
149 144 160 144
149 146 154 147
149 158 160 158
149 164 160 164
149 170 160 170
149 173 154 174
149 186 154 187
149 238 154 239
150 131 161 131
150 197 161 197
150 198 153 200
150 234 155 235
150 237 161 237
150 241 155 242
150 244 161 244
151 132 162 132
151 145 162 145
151 188 156 189
151 209 162 209
151 210 153 213
151 229 162 229
152 149 163 149
152 155 155 157
152 162 157 163
152 166 157 167
152 171 157 172
152 180 157 181
152 182 157 183
152 221 163 221
152 225 163 225
153 133 156 135
153 138 164 138
153 141 156 143
153 152 164 152
153 159 158 160
153 190 158 191
153 192 164 192
153 195 164 195
153 204 164 204
153 218 164 218
153 224 164 224
153 245 164 245
153 246 158 247
154 140 165 140
154 168 165 168
154 194 165 194
154 200 165 200
154 226 159 227
154 231 157 233
154 236 165 236
154 248 165 248
155 146 160 147
155 173 158 175
155 185 158 187
155 211 158 213
155 238 160 239
156 127 158 130
156 136 161 137
156 150 161 151
156 155 167 155
156 156 167 156
156 201 167 201
156 202 167 202
156 205 158 208
156 215 161 216
156 222 167 222
156 228 167 228
156 235 167 235
156 240 167 240
157 141 162 142
157 153 168 153
157 219 162 220
158 133 161 135
158 139 169 139
158 148 169 148
158 157 169 157
158 161 163 162
158 163 169 163
158 171 163 172
158 182 169 182
158 188 163 189
158 196 169 196
158 223 169 223
158 234 169 234
158 241 161 243
159 129 164 130
159 173 162 175
159 176 162 178
159 180 164 181
159 185 162 187
159 198 164 199
159 208 170 208
159 212 162 214
159 232 170 232
160 160 171 160
160 184 171 184
160 193 171 193
160 206 165 207
160 230 165 231
161 164 163 167
161 179 172 179
161 183 172 183
161 210 166 211
161 217 172 217
161 226 172 226
161 233 172 233
161 239 172 239
161 247 172 247
162 131 173 131
162 133 164 136
162 146 167 147
162 159 173 159
162 216 173 216
162 237 167 238
162 242 165 244
163 126 168 127
163 132 174 132
163 141 166 143
163 144 174 144
163 150 174 150
163 170 174 170
163 173 164 178
163 205 174 205
163 209 174 209
163 219 168 220
163 229 174 229
163 249 174 249
164 128 175 128
164 161 175 161
164 164 166 167
164 169 175 169
164 172 175 172
164 185 165 190
164 227 175 227
165 136 176 136
165 137 170 138
165 149 176 149
165 151 170 152
165 173 168 175
165 178 176 178
165 180 170 181
165 191 176 191
165 197 170 198
165 214 170 215
165 218 176 218
165 224 170 225
166 129 177 129
166 134 171 135
166 185 169 187
166 188 169 190
166 194 177 194
166 195 177 195
166 199 171 200
166 207 177 207
166 212 177 212
166 241 168 244
166 245 177 245
166 246 177 246
166 248 177 248
167 140 169 143
167 165 170 167
167 168 178 168
167 211 178 211
168 133 179 133
168 154 171 156
168 201 170 204
168 235 170 238
169 127 180 127
169 146 174 147
169 158 180 158
169 174 171 177
169 206 180 206
169 219 174 220
169 240 171 243
170 139 172 142
170 145 181 145
170 163 175 164
170 185 172 188
170 190 181 190
171 143 182 143
171 152 182 152
171 166 176 167
171 180 176 181
171 198 182 198
171 201 174 203
171 208 182 208
171 222 173 225
171 235 174 237
171 244 182 244
172 135 183 135
172 154 174 157
172 160 183 160
172 175 183 175
172 177 183 177
172 192 177 193
172 204 183 204
172 230 183 230
172 240 183 240
172 242 177 243
173 134 184 134
173 137 178 138
173 139 178 140
173 141 178 142
173 148 184 148
173 182 175 185
173 187 184 187
173 188 184 188
173 189 184 189
173 196 178 197
173 221 184 221
173 226 184 226
173 231 175 234
173 238 178 239
173 247 184 247
174 173 179 174
174 213 179 214
174 216 185 216
174 222 179 223
175 130 180 131
175 146 180 147
175 154 177 157
175 170 180 171
175 199 177 202
175 205 186 205
175 210 186 210
175 215 186 215
175 224 180 225
175 228 180 229
175 236 186 236
176 144 187 144
176 161 179 163
176 164 181 165
176 182 187 182
176 183 181 184
176 231 181 232
176 233 187 233
176 235 187 235
177 136 188 136
177 167 188 167
177 176 188 176
177 181 188 181
177 191 188 191
177 203 188 203
177 218 188 218
177 227 188 227
178 128 183 129
178 149 189 149
178 153 180 156
178 172 189 172
178 193 181 195
178 199 180 202
178 209 189 209
178 212 189 212
178 241 183 242
178 245 189 245
178 248 189 248
179 137 190 137
179 138 190 138
179 141 190 141
179 178 184 179
179 197 190 197
179 211 190 211
179 217 190 217
179 220 190 220
180 142 191 142
180 161 191 161
180 162 191 162
180 166 191 166
180 169 191 169
180 196 191 196
180 213 191 213
180 223 191 223
181 131 186 132
181 140 192 140
181 146 192 146
181 153 183 156
181 157 186 158
181 168 192 168
181 200 186 201
181 228 186 229
181 238 192 238
182 130 193 130
182 147 193 147
182 150 193 150
182 151 193 151
182 173 187 174
182 183 193 183
182 185 187 186
182 190 193 190
182 193 193 193
182 222 193 222
182 224 187 225
182 231 187 232
183 126 188 127
183 170 188 171
183 207 188 208
183 237 194 237
183 243 188 244
183 246 194 246
184 128 189 129
184 133 195 133
184 135 195 135
184 152 195 152
184 153 186 156
184 159 189 160
184 165 195 165
184 175 195 175
184 195 195 195
184 198 195 198
184 199 195 199
184 202 195 202
184 219 195 219
184 230 195 230
184 239 189 240
184 241 189 242
185 145 196 145
185 178 196 178
185 187 196 187
185 189 196 189
185 226 196 226
185 247 196 247
186 134 197 134
186 148 197 148
186 163 191 164
186 179 191 180
186 214 197 214
186 249 197 249
187 132 198 132
187 143 198 143
187 153 192 154
187 155 189 158
187 201 198 201
187 204 192 205
187 215 192 216
187 228 192 229
188 131 199 131
188 173 199 173
188 184 191 186
188 192 199 192
188 231 189 236
189 206 192 208
189 243 194 244
190 155 192 158
190 159 195 160
190 171 195 172
190 209 195 210
190 231 191 236
190 240 193 242
191 136 193 139
192 162 197 163
192 196 197 197
192 212 197 213
192 231 193 236
193 140 198 141
193 153 195 156
193 157 198 158
193 166 195 169
193 203 194 208
193 217 198 218
193 220 198 221
193 223 196 225
193 227 198 228
193 238 198 239
194 128 197 130
194 136 199 137
194 146 199 147
194 149 197 151
194 180 196 183
194 190 199 191
194 231 196 234
194 241 199 242
195 203 197 206
195 244 198 246
196 159 199 161
196 164 199 166
196 167 198 170
196 174 198 177
196 207 198 210
197 179 199 182
197 184 199 187
197 222 199 225
197 231 198 236
198 148 199 153
198 195 199 200
198 211 199 216
113 221 124 221
117 136 128 136
117 191 128 191
117 193 128 193
127 238 132 239
132 131 137 132
143 136 154 136
147 176 158 176
147 178 158 178
159 126 162 128
166 230 171 231
176 150 181 151
185 188 196 188
188 144 199 144
189 176 194 177
109 243 112 245
122 189 133 189
144 130 155 130
146 196 157 196
164 162 175 162
176 234 187 234
179 139 190 139
192 184 195 186
194 138 199 139
194 193 199 194
199 226 199 237
130 135 140 135
146 220 156 220
106 226 116 226
112 152 122 152
117 235 127 235
120 214 130 214
123 126 133 126
134 188 144 188
153 169 163 169
163 213 173 213
164 171 174 171
175 249 185 249
187 200 197 200
113 198 122 198
125 210 129 211
126 154 135 154
141 166 145 167
165 130 174 130
178 192 187 192
198 202 199 206
123 218 132 218
142 160 146 161
153 249 162 249
154 198 158 199
159 190 163 191
174 159 183 159
189 181 193 182
102 163 110 163
111 127 119 127
132 249 140 249
135 137 143 137
144 132 146 134
158 165 160 167
164 221 172 221
173 186 181 186
175 219 183 219
177 180 185 180
109 129 112 130
110 231 117 231
139 191 146 191
160 203 167 203
182 163 185 164
185 221 192 221
196 171 199 172
0 118 0 129
1 123 2 128
3 124 5 127
6 124 8 127
90 54 101 54
90 65 101 65
90 68 101 68
90 83 101 83
90 123 101 123
90 158 101 158
90 163 101 163
91 16 102 16
91 31 102 31
91 40 102 40
91 129 102 129
91 136 102 136
91 142 102 142
91 151 102 151
91 165 102 165
91 188 102 188
91 200 102 200
91 215 102 215
92 32 103 32
92 38 103 38
92 53 103 53
92 89 103 89
92 91 103 91
92 101 103 101
92 124 103 124
92 126 103 126
92 166 103 166
92 199 103 199
92 210 103 210
93 13 104 13
93 22 104 22
93 44 104 44
93 69 104 69
93 79 104 79
93 127 104 127
93 141 104 141
93 180 104 180
93 216 104 216
93 221 104 221
93 233 104 233
93 246 104 246
94 7 105 7
94 17 105 17
94 58 105 58
94 59 105 59
94 63 105 63
94 96 105 96
94 98 105 98
94 100 105 100
94 128 105 128
94 161 105 161
94 194 105 194
94 220 105 220
95 11 106 11
95 61 106 61
95 64 106 64
95 70 106 70
95 103 106 103
95 110 106 110
95 150 106 150
95 197 106 197
95 198 106 198
95 208 106 208
96 8 101 9
96 10 107 10
96 37 107 37
96 109 107 109
96 149 107 149
96 159 107 159
96 219 107 219
96 248 107 248
97 18 102 19
97 30 108 30
97 42 108 42
97 45 108 45
97 75 108 75
97 104 108 104
97 108 108 108
97 111 102 112
97 134 102 135
97 211 102 212
97 218 108 218
97 245 108 245
98 24 109 24
98 62 109 62
98 106 109 106
98 116 109 116
98 117 103 118
98 120 109 120
98 153 109 153
98 167 109 167
98 169 109 169
98 170 103 171
98 195 109 195
98 230 103 231
98 234 103 235
99 52 110 52
99 55 110 55
99 56 104 57
99 77 104 78
99 81 110 81
99 114 104 115
99 140 110 140
99 162 110 162
99 164 110 164
99 172 110 172
99 181 110 181
99 184 101 187
99 227 102 229
99 242 102 244
100 0 111 0
100 3 105 4
100 14 105 15
100 25 102 28
100 34 105 35
100 60 111 60
100 67 111 67
100 71 111 71
100 72 105 73
100 84 103 86
100 113 111 113
100 132 105 133
100 152 111 152
100 154 103 156
100 160 111 160
100 173 105 174
100 175 111 175
100 179 111 179
100 201 103 203
100 204 102 207
100 222 103 224
134 125 139 126
140 125 145 126
172 125 177 126
190 124 191 129
192 124 194 127
196 124 199 126
90 66 101 66
93 125 104 125
94 41 105 41
95 196 106 196
96 105 107 105
100 122 111 122
100 225 105 226
98 168 109 168
95 97 105 97
95 102 104 102
96 74 104 74
95 12 102 12
